NPTS         FRANG      ISSYM
129          0.         1
X            Y
-0.50000    0.0
-0.49985	0.01227
-0.49865	0.03678
-0.49624	0.06121
-0.49264	0.08548
-0.48785	0.10955
-0.48189	0.13336
-0.47476	0.15684
-0.46650	0.17995
-0.45710	0.20262
-0.44661	0.22481
-0.43504	0.24645
-0.42243	0.26750
-0.40879	0.28790
-0.39417	0.30762
-0.37860	0.32659
-0.36212	0.34477
-0.34477	0.36212
-0.32659	0.37860
-0.30762	0.39417
-0.28790	0.40879
-0.26750	0.42243
-0.24645	0.43504
-0.22481	0.44661
-0.20262	0.45710
-0.17995	0.46650
-0.15684	0.47476
-0.13336	0.48189
-0.10955	0.48785
-0.08548	0.49264
-0.06121	0.49624
-0.03678	0.49865
-0.01227	0.49985
0.01227	0.49985
0.03678	0.49865
0.06121	0.49624
0.08548	0.49264
0.10955	0.48785
0.13336	0.48189
0.15684	0.47476
0.17995	0.46650
0.20262	0.45710
0.22481	0.44661
0.24645	0.43504
0.26750	0.42243
0.28790	0.40879
0.30762	0.39417
0.32659	0.37860
0.34477	0.36212
0.36212	0.34477
0.37860	0.32659
0.39417	0.30762
0.40879	0.28790
0.42243	0.26750
0.43504	0.24645
0.44661	0.22481
0.45710	0.20262
0.46650	0.17995
0.47476	0.15684
0.48189	0.13336
0.48785	0.10955
0.49264	0.08548
0.49624	0.06121
0.49865	0.03678
0.49985	0.01227
0.49985	-0.01227
0.49865	-0.03678
0.49624	-0.06121
0.49264	-0.08548
0.48785	-0.10955
0.48189	-0.13336
0.47476	-0.15684
0.46650	-0.17995
0.45710	-0.20262
0.44661	-0.22481
0.43504	-0.24645
0.42243	-0.26750
0.40879	-0.28790
0.39417	-0.30762
0.37860	-0.32659
0.36212	-0.34477
0.34477	-0.36212
0.32659	-0.37860
0.30762	-0.39417
0.28790	-0.40879
0.26750	-0.42243
0.24645	-0.43504
0.22481	-0.44661
0.20262	-0.45710
0.17995	-0.46650
0.15684	-0.47476
0.13336	-0.48189
0.10955	-0.48785
0.08548	-0.49264
0.06121	-0.49624
0.03678	-0.49865
0.01227	-0.49985
-0.01227	-0.49985
-0.03678	-0.49865
-0.06121	-0.49624
-0.08548	-0.49264
-0.10955	-0.48785
-0.13336	-0.48189
-0.15684	-0.47476
-0.17995	-0.46650
-0.20262	-0.45710
-0.22481	-0.44661
-0.24645	-0.43504
-0.26750	-0.42243
-0.28790	-0.40879
-0.30762	-0.39417
-0.32659	-0.37860
-0.34477	-0.36212
-0.36212	-0.34477
-0.37860	-0.32659
-0.39417	-0.30762
-0.40879	-0.28790
-0.42243	-0.26750
-0.43504	-0.24645
-0.44661	-0.22481
-0.45710	-0.20262
-0.46650	-0.17995
-0.47476	-0.15684
-0.48189	-0.13336
-0.48785	-0.10955
-0.49264	-0.08548
-0.49624	-0.06121
-0.49865	-0.03678
-0.49985	-0.01227
